[3.17216117e+01 3.08766789e+01 2.98974359e+01 2.97362637e+01
 2.88156288e+01 2.86373626e+01 2.79877900e+01 2.78144078e+01
 2.69597070e+01 2.67423687e+01 2.61904762e+01 2.58363858e+01
 2.54920635e+01 2.64859585e+01 2.46202686e+01 2.40805861e+01
 2.44053724e+01 2.46398046e+01 2.48107448e+01 2.48376068e+01
 2.56507937e+01 2.63321123e+01 2.69377289e+01 2.73772894e+01
 2.77484737e+01 2.86837607e+01 2.96532357e+01 3.06178266e+01
 3.15750916e+01 3.25323565e+01 3.07496947e+01 2.99047619e+01
 2.89255189e+01 2.87643468e+01 2.78437118e+01 2.76654457e+01
 2.70158730e+01 2.68424908e+01 2.59877900e+01 2.57704518e+01
 2.55115995e+01 2.52039072e+01 2.48498168e+01 2.45054945e+01
 2.41587302e+01 2.37582418e+01 2.32185592e+01 2.35433455e+01
 2.48766789e+01 2.42588523e+01 2.50720391e+01 2.57533578e+01
 2.63589744e+01 2.71794872e+01 2.81147741e+01 2.90915751e+01
 3.25323565e+01 3.20341880e+01 3.00757021e+01 2.82222222e+01
 2.80610501e+01 2.71404151e+01 2.69621490e+01 2.63125763e+01
 2.61391941e+01 2.52844933e+01 2.60293040e+01 2.58192918e+01
 2.39633700e+01 2.36190476e+01 2.35897436e+01 2.32380952e+01
 2.28376068e+01 2.22979243e+01 2.26227106e+01 2.28864469e+01
 2.34017094e+01 2.42759463e+01 2.54334554e+01 2.58730159e+01
 2.62442002e+01 2.71794872e+01 2.95115995e+01 3.13919414e+01
 2.93406593e+01 2.83614164e+01 2.75164835e+01 2.64371184e+01
 2.62588523e+01 2.56092796e+01 2.45860806e+01 2.36727717e+01
 2.32771673e+01 2.29328449e+01 2.42319902e+01 2.17142857e+01
 2.20390720e+01 2.22686203e+01 2.24395604e+01 2.24664225e+01
 2.33406593e+01 2.41709402e+01 2.48522589e+01 2.56703297e+01
 2.66056166e+01 2.75604396e+01 2.85177045e+01 2.94822955e+01
 3.04542125e+01 2.84444444e+01 2.74652015e+01 2.66202686e+01
 2.56996337e+01 2.55384615e+01 2.53601954e+01 2.47106227e+01
 2.38559219e+01 2.36825397e+01 2.34652015e+01 2.32063492e+01
 2.29010989e+01 2.25518926e+01 2.22075702e+01 2.20000000e+01
 2.13772894e+01 2.11623932e+01 2.20000000e+01 2.25934066e+01
 2.19169719e+01 2.27985348e+01 2.44078144e+01 2.50525031e+01
 2.85372405e+01 2.94945055e+01 3.04590965e+01 3.14310134e+01
 2.70793651e+01 2.53137973e+01 2.63540904e+01 2.32356532e+01
 2.30622711e+01 2.28449328e+01 2.25860806e+01 2.22808303e+01
 2.19316239e+01 2.16947497e+01 2.06666667e+01 2.05396825e+01
 2.11428571e+01 2.12942613e+01 2.46568987e+01 2.36630037e+01
 2.43443223e+01 2.53382173e+01 3.04810745e+01 3.14456654e+01
 3.24175824e+01 2.66398046e+01 2.58168498e+01 2.48742369e+01
 2.42661783e+01 2.36556777e+01 2.34603175e+01 2.38388278e+01
 2.17216117e+01 2.14090354e+01 2.09694750e+01 1.99267399e+01
 1.98266178e+01 1.98559219e+01 2.01489621e+01 2.03907204e+01
 2.05787546e+01 2.12551893e+01 2.28034188e+01 2.36092796e+01
 2.52844933e+01 3.24395604e+01 2.76654457e+01 2.74481074e+01
 2.42588523e+01 2.33992674e+01 2.27496947e+01 2.32332112e+01
 2.36532357e+01 2.41416361e+01 2.31477411e+01 2.10036630e+01
 2.04297924e+01 1.98046398e+01 1.90940171e+01 1.90720391e+01
 1.91013431e+01 1.93943834e+01 1.96361416e+01 1.98241758e+01
 2.04713065e+01 2.08986569e+01 2.15335775e+01 2.19242979e+01
 2.27545788e+01 2.35433455e+01 2.42905983e+01 2.50036630e+01
 2.77973138e+01 2.48351648e+01 2.38412698e+01 2.29792430e+01
 2.23296703e+01 2.28449328e+01 2.33162393e+01 2.23003663e+01
 2.21562882e+01 2.07448107e+01 2.00757021e+01 1.86495726e+01
 1.86275946e+01 1.86568987e+01 1.89499389e+01 1.93870574e+01
 2.04615385e+01 2.14871795e+01 2.50036630e+01 2.46129426e+01
 1.22100122e-03 2.77216117e+01 2.73308913e+01 2.34017094e+01
 2.25347985e+01 2.18852259e+01 2.13064713e+01 2.11672772e+01
 2.21611722e+01 1.96288156e+01 1.89157509e+01 1.81855922e+01
 1.81636142e+01 1.81929182e+01 1.84859585e+01 1.87155067e+01
 1.89157509e+01 1.95653236e+01 1.99902320e+01 2.03882784e+01
 2.10158730e+01 2.17631258e+01 2.25225885e+01 2.41880342e+01
 1.22100122e-03 2.68888889e+01 2.78827839e+01 2.20708181e+01
 2.14212454e+01 2.12210012e+01 2.09255189e+01 2.03858364e+01
 2.03150183e+01 2.01831502e+01 1.94847375e+01 1.85079365e+01
 1.77655678e+01 1.77435897e+01 1.77728938e+01 1.80659341e+01
 1.82954823e+01 1.84957265e+01 1.95750916e+01 1.99731380e+01
 2.06007326e+01 2.13455433e+01 2.21001221e+01 2.37240537e+01
 2.44566545e+01 2.74188034e+01 2.64249084e+01 2.24786325e+01
 2.14847375e+01 2.08351648e+01 2.05738706e+01 2.02197802e+01
 1.96654457e+01 1.95824176e+01 1.94505495e+01 1.92014652e+01
 1.88791209e+01 1.84908425e+01 1.80634921e+01 1.73186813e+01
 1.72967033e+01 1.73260073e+01 1.76190476e+01 1.78485958e+01
 1.80488400e+01 1.86959707e+01 1.91233211e+01 1.95213675e+01
 2.01489621e+01 2.08888889e+01 2.16385836e+01 2.25763126e+01
 2.32136752e+01 2.39462759e+01 2.49279609e+01 2.58632479e+01
 2.51990232e+01 2.16727717e+01 2.10231990e+01 1.98559219e+01
 1.98363858e+01 1.97020757e+01 1.74017094e+01 1.72234432e+01
 1.69352869e+01 1.69133089e+01 1.69426129e+01 1.72356532e+01
 1.74652015e+01 1.76654457e+01 1.83125763e+01 1.87399267e+01
 1.91379731e+01 1.97655678e+01 2.05054945e+01 2.12551893e+01
 2.39511600e+01 2.38241758e+01 2.48058608e+01 0.00000000e+00
 2.43321123e+01 2.17973138e+01 2.11477411e+01 2.08815629e+01
 2.03394383e+01 1.99780220e+01 2.01221001e+01 2.01831502e+01
 1.77118437e+01 1.72844933e+01 1.68083028e+01 1.67863248e+01
 1.68156288e+01 1.71086691e+01 1.73382173e+01 1.75384615e+01
 1.86129426e+01 1.90109890e+01 1.96385836e+01 2.03785104e+01
 2.11282051e+01 2.19023199e+01 2.36605617e+01 2.46422466e+01
 2.42979243e+01 2.34139194e+01 2.25665446e+01 2.17582418e+01
 2.11086691e+01 2.03394383e+01 1.99780220e+01 2.03199023e+01
 1.84249084e+01 1.78608059e+01 1.75091575e+01 1.71208791e+01
 1.69426129e+01 1.66544567e+01 1.66324786e+01 1.66617827e+01
 1.69548230e+01 1.71843712e+01 1.73846154e+01 1.80341880e+01
 1.84590965e+01 1.88571429e+01 1.94847375e+01 2.02246642e+01
 2.09743590e+01 2.17387057e+01 2.24493284e+01 2.32771673e+01
 2.42588523e+01 2.41660562e+01 2.32820513e+01 2.24346764e+01
 2.16263736e+01 2.09768010e+01 2.02075702e+01 1.98461538e+01
 1.94261294e+01 1.84322344e+01 1.80415140e+01 1.78608059e+01
 1.75164835e+01 1.66349206e+01 1.66129426e+01 1.66422466e+01
 1.69352869e+01 1.71648352e+01 1.73650794e+01 1.90866911e+01
 1.91477411e+01 1.97753358e+01 2.05152625e+01 2.27423687e+01
 2.35702076e+01 2.45518926e+01 2.40024420e+01 2.31184371e+01
 2.22710623e+01 2.14627595e+01 2.08131868e+01 2.03345543e+01
 2.00048840e+01 1.96434676e+01 1.93089133e+01 1.83614164e+01
 1.80073260e+01 1.73870574e+01 1.70231990e+01 1.69548230e+01
 1.75213675e+01 1.76752137e+01 1.83565324e+01 1.93699634e+01
 1.99975580e+01 2.07374847e+01 2.15164835e+01 2.22612943e+01
 2.29621490e+01 2.37899878e+01 2.47716728e+01 2.52356532e+01
 2.42417582e+01 2.33577534e+01 2.25103785e+01 2.17020757e+01
 1.97948718e+01 1.94505495e+01 1.90769231e+01 1.87203907e+01
 1.83272283e+01 1.80830281e+01 1.77484737e+01 1.75409035e+01
 1.76288156e+01 1.75970696e+01 1.73821734e+01 1.71868132e+01
 1.85152625e+01 1.79072039e+01 1.85738706e+01 1.95799756e+01
 2.02075702e+01 2.09474969e+01 2.17264957e+01 2.24713065e+01
 2.31721612e+01 2.37606838e+01 2.28766789e+01 2.20293040e+01
 2.12210012e+01 2.06837607e+01 2.00341880e+01 1.91575092e+01
 1.85909646e+01 1.80122100e+01 1.78046398e+01 1.85860806e+01
 1.83711844e+01 1.73675214e+01 1.77069597e+01 1.79316239e+01
 1.80952381e+01 1.85470085e+01 1.89352869e+01 1.95873016e+01
 2.02661783e+01 2.10451770e+01 2.32576313e+01 2.34383394e+01
 2.43321123e+01 2.53186813e+01 2.49597070e+01 2.39804640e+01
 2.22393162e+01 2.14310134e+01 2.08937729e+01 2.02442002e+01
 2.06251526e+01 2.02857143e+01 1.87912088e+01 1.84810745e+01
 1.82124542e+01 1.80048840e+01 1.89987790e+01 1.93650794e+01
 1.76727717e+01 1.83492063e+01 1.88009768e+01 1.91892552e+01
 2.42710623e+01 2.36532357e+01 2.45470085e+01 2.55335775e+01
 2.51428571e+01 2.41636142e+01 2.33406593e+01 2.24322344e+01
 2.16239316e+01 2.10866911e+01 2.04371184e+01 2.01074481e+01
 1.97460317e+01 1.93626374e+01 1.89621490e+01 1.86520147e+01
 1.83833944e+01 1.81758242e+01 0.00000000e+00 1.78925519e+01
 1.89670330e+01 1.85616606e+01 1.90134310e+01 1.94017094e+01
 2.02222222e+01 2.26788767e+01 2.32771673e+01 2.38925519e+01
 2.38388278e+01 2.47326007e+01 2.57191697e+01 2.54163614e+01
 2.44371184e+01 2.27081807e+01 2.13284493e+01 2.06788767e+01
 2.03492063e+01 1.99877900e+01 1.96043956e+01 1.92039072e+01
 1.88937729e+01 1.86251526e+01 1.84175824e+01 1.94114774e+01
 1.89548230e+01 1.85836386e+01 1.80732601e+01 1.83076923e+01
 1.85274725e+01 1.96068376e+01 2.03809524e+01 2.11306471e+01
 2.18363858e+01 2.25714286e+01 2.32551893e+01 2.38363858e+01
 2.47301587e+01 2.57167277e+01 2.56141636e+01 2.46349206e+01
 2.38119658e+01 2.29035409e+01 2.23663004e+01 2.15579976e+01
 2.09084249e+01 2.02417582e+01 1.98583639e+01 1.91452991e+01
 1.88766789e+01 1.86691087e+01 1.89816850e+01 1.86324786e+01
 1.82417582e+01 1.84761905e+01 1.86959707e+01 1.91111111e+01
 1.95555556e+01 1.98119658e+01 2.05860806e+01 2.13357753e+01
 2.20415140e+01 2.27765568e+01 2.34603175e+01 2.40415140e+01
 2.49352869e+01 2.63638584e+01 2.53846154e+01 2.25860806e+01
 2.17777778e+01 2.11282051e+01 2.08034188e+01 2.04371184e+01
 2.00537241e+01 1.97631258e+01 1.93431013e+01 1.90744811e+01
 1.88669109e+01 1.92380952e+01 1.90525031e+01 1.84542125e+01
 1.86886447e+01 1.89084249e+01 1.93235653e+01 1.97680098e+01
 2.00244200e+01 2.08302808e+01 2.27301587e+01 2.34652015e+01
 2.56239316e+01 2.66129426e+01 2.65836386e+01 2.56043956e+01
 2.50940171e+01 2.42515263e+01 2.33357753e+01 2.25274725e+01
 2.18778999e+01 2.07057387e+01 2.03223443e+01 2.00317460e+01
 1.96117216e+01 1.93431013e+01 1.91355311e+01 1.91648352e+01
 1.91428571e+01 1.90305250e+01 1.88498168e+01 1.86275946e+01
 1.88620269e+01 1.90818071e+01 1.94969475e+01 1.99413919e+01
 2.01978022e+01 2.10329670e+01 2.33724054e+01 2.41074481e+01
 2.50012210e+01 2.56507937e+01 2.62661783e+01 2.72551893e+01
 2.71868132e+01 2.62075702e+01 2.56971917e+01 2.48547009e+01
 2.39389499e+01 2.31306471e+01 2.24810745e+01 2.13089133e+01
 2.09255189e+01 2.06349206e+01 2.02148962e+01 2.01440781e+01
 1.98608059e+01 1.98388278e+01 1.95213675e+01 1.92991453e+01
 1.95335775e+01 1.97533578e+01 2.01684982e+01 2.06129426e+01
 2.08693529e+01 2.49279609e+01 2.39340659e+01 2.46691087e+01
 2.55628816e+01 2.62124542e+01 2.82490842e+01 2.69474969e+01
 2.42075702e+01 2.33992674e+01 2.27496947e+01 2.24126984e+01
 2.20586081e+01 2.08840049e+01 2.12918193e+01 2.04908425e+01
 2.04688645e+01 2.03663004e+01 2.01758242e+01 2.01978022e+01
 2.04175824e+01 2.08327228e+01 2.15360195e+01 2.23956044e+01
 2.41367521e+01 2.48717949e+01 2.57655678e+01 2.64151404e+01
 2.73943834e+01 2.82026862e+01 2.72161172e+01 2.66959707e+01
 2.58461538e+01 2.49474969e+01 2.41391941e+01 2.34896215e+01
 2.31526252e+01 2.27985348e+01 2.35018315e+01 2.15018315e+01
 2.15409035e+01 2.13382173e+01 2.10598291e+01 2.10378510e+01
 2.09352869e+01 2.07448107e+01 2.09841270e+01 2.07570208e+01
 2.09768010e+01 2.13919414e+01 2.18266178e+01 2.20927961e+01
 2.28473748e+01 2.35970696e+01 2.43540904e+01 2.66324786e+01
 2.72820513e+01 2.82612943e+01 2.92380952e+01 2.91550672e+01
 2.81684982e+01 2.68009768e+01 2.48058608e+01 2.41514042e+01
 2.38144078e+01 2.34603175e+01 2.41294261e+01 2.23003663e+01
 2.21367521e+01 2.18363858e+01 2.18778999e+01 2.16459096e+01
 2.18608059e+01 2.22564103e+01 2.26910867e+01 2.37191697e+01
 2.44688645e+01 2.75824176e+01 2.73650794e+01 2.80146520e+01
 2.99755800e+01 3.00805861e+01 2.90940171e+01 2.85689866e+01
 2.77240537e+01 2.54456654e+01 2.47814408e+01 2.44444444e+01
 2.40903541e+01 2.38095238e+01 2.34212454e+01 2.29914530e+01
 2.30231990e+01 2.28278388e+01 2.28058608e+01 2.25274725e+01
 2.34017094e+01 2.38168498e+01 2.29890110e+01 2.34236874e+01
 2.41782662e+01 2.44444444e+01 2.51941392e+01 2.60879121e+01
 2.68473748e+01 2.75555556e+01 2.82051282e+01 2.91819292e+01
 3.01611722e+01 3.07472527e+01 2.97606838e+01 2.92356532e+01
 2.83907204e+01 2.57094017e+01 2.53724054e+01 2.50183150e+01
 2.47374847e+01 2.43492063e+01 2.39194139e+01 2.39511600e+01
 2.36678877e+01 2.33894994e+01 2.37997558e+01 2.40488400e+01
 2.42515263e+01 2.41538462e+01 2.39731380e+01 2.37313797e+01
 2.41660562e+01 2.49206349e+01 2.51868132e+01 2.85347985e+01
 2.91843712e+01 3.01611722e+01 3.11404151e+01 2.98656899e+01
 2.90207570e+01 2.83663004e+01 2.75579976e+01 2.66593407e+01
 2.63223443e+01 2.59682540e+01 2.56874237e+01 2.47814408e+01
 2.48131868e+01 2.47912088e+01 2.45958486e+01 2.43174603e+01
 2.50231990e+01 2.52258852e+01 2.51282051e+01 2.49474969e+01
 2.47057387e+01 2.51404151e+01 2.58949939e+01 2.61611722e+01
 2.71550672e+01 2.95286935e+01 3.11526252e+01 3.21318681e+01]
