[25.77694236 22.29323308 20.38847118 19.39348371 19.29573935 18.66165414
 17.9273183  17.88972431 17.77694236 18.32581454 18.71428571 19.27819549
 19.71177945 20.0952381  20.07769424 21.03258145 22.00250627 22.98746867
 24.78195489 21.29824561 20.31328321 18.57894737 18.48120301 17.84711779
 17.11278195 16.87719298 17.42606516 17.81453634 18.37844612 18.81203008
 19.19548872 19.17794486 20.13283208 21.10275689 22.0877193  23.79197995
 20.31328321 19.3283208  18.35839599 17.67919799 17.58145363 16.94736842
 16.21303258 16.17042607 16.06265664 17.05012531 17.61403509 18.04761905
 18.43107769 18.41353383 19.36842105 20.33834586 21.32330827 22.80701754
 21.83709273 18.83458647 17.86466165 17.18546366 15.44862155 15.40601504
 15.29824561 15.84711779 16.23558897 17.11027569 18.46867168 17.94486216
 21.8320802  20.86215539 19.90726817 17.24561404 16.56641604 15.10776942
 14.96491228 14.64912281 15.19799499 15.58646617 16.52882206 17.29573935
 19.97994987 20.87218045 19.90225564 18.94736842 16.48120301 15.80200501
 15.17293233 14.43358396 14.34085213 14.17042607 15.62406015 15.10025063
 15.53383459 15.91729323 16.48621554 17.06015038 18.03508772 18.98496241
 18.00250627 15.8320802  15.15288221 14.52380952 13.78446115 13.69172932
 13.65413534 13.54135338 13.57894737 14.4962406  14.92982456 15.31328321
 15.88220551 16.45614035 18.59649123  0.         17.06265664 16.24310777
 15.4085213  13.45614035 13.36340852 13.0877193  13.05513784 13.48370927
 14.12280702 14.92481203 15.49373434 16.06766917 17.01754386 17.9924812
 17.24310777 16.65914787 15.839599   15.00501253 14.55137845 13.05263158
 12.95989975 12.71428571 12.68170426 13.11027569 14.09273183 14.46616541
 15.03508772 15.60902256 16.55889724 18.23057644 17.25062657 13.80701754
 13.17794486 12.48370927 12.39097744 12.34837093 12.2406015  12.20802005
 12.63659148 13.06516291 13.45363409 16.19799499 17.14786967 18.13784461
 18.19298246 17.21303258 16.7593985  14.40350877 14.39598997 12.52631579
 12.79949875 12.81203008 12.12531328 12.55388471 12.98245614 13.37092732
 14.         16.33082707 17.28070175 18.27067669 17.72932331 16.74937343
 16.01503759 15.18045113 14.36090226 13.38847118 12.53884712 13.02756892
 12.03258145 12.46115288 12.88972431 13.27819549 13.90225564 16.45363409
 18.72431078 15.92230576 15.0877193  14.26817043 13.24561404 12.41102757
 12.78947368 12.84210526 12.01503759 12.51378446 13.06766917 14.4962406
 16.51629073 16.44360902 17.4235589  16.77944862 15.79448622 14.95989975
 14.14035088 13.50125313 13.07769424 12.25313283 12.3358396  12.24310777
 12.07017544 11.97744361 15.61403509 14.62907268 14.74686717 16.3358396
 17.31578947 17.98245614 16.98746867 16.00250627 15.1679198  14.34837093
 13.70927318 12.35087719 12.43358396 12.34085213 12.1679198  12.07518797
 17.59899749 16.60401003 14.75438596 15.36842105 15.84210526 16.82205514
 16.10025063 15.26566416 14.44611529 13.80701754 13.13784461 12.55889724
 12.99749373 12.32581454 12.23308271 12.87719298 14.78446115 14.80701754
 16.36591479 17.34586466 22.59899749 23.59398496 13.30075188 12.72180451
 13.01754386 12.45363409 12.36090226 12.98496241 13.53884712 13.93734336
 14.27568922 14.78446115 16.5839599  21.60902256 19.76441103 18.85463659
 14.1679198  13.4235589  12.84461153 12.84210526 12.74937343 12.6716792
 12.57894737 13.20300752 13.75689223 14.15538847 14.49373434 16.61904762
 16.58145363 17.51629073 20.62406015 19.67418546 18.77443609 17.86466165
 14.58646617 13.84210526 13.26315789 13.26065163 13.1679198  13.09022556
 12.99749373 14.7518797  15.01754386 15.5914787  16.13533835 16.55889724
 17.49373434 21.26315789 20.31328321 16.92982456 16.0802005  15.26566416
 14.5914787  13.81954887 13.72681704 13.64912281 13.55639098 14.28571429
 16.09022556 15.53634085 16.11027569 16.65413534 17.07769424 18.01253133
 21.79197995 20.84210526 17.56390977 16.71428571 15.89974937 15.30325815
 14.30827068 14.21553885 14.13784461 14.04511278 14.63909774 15.20802005
 15.61152882 15.95989975 16.53383459 17.07769424 17.50125313 18.43609023
 20.85714286 19.90726817 18.99749373 18.09774436 17.2481203  16.43358396
 17.01253133 14.93233083 14.839599   14.76190476 14.66917293 15.26315789
 15.8320802  16.23558897 16.5839599  17.15789474 17.71679198 19.28571429
 21.36591479 20.4160401  19.50626566 18.60651629 17.75689223 16.94235589
 16.93483709 16.35588972 15.61654135 15.52380952 15.51378446 16.10776942
 17.42857143 18.00250627 20.71428571 20.07518797 22.19047619 21.2406015
 20.33082707 19.43107769 18.58145363 17.77944862 17.20050125 16.37343358
 16.30827068 16.90225564 17.47619048 17.87969925 18.22305764 18.79699248
 19.73182957 20.29072682 20.70927318 23.18546366 21.14536341 20.24561404
 19.39598997 19.38847118 18.57393484 17.99498747 17.90225564 17.16290727
 17.15538847 16.9924812  17.58646617 18.160401   18.56390977 18.90726817
 19.48120301 20.4160401  20.97493734 21.39348371]
