[35.41480611 36.01410106 33.386604   33.87544066 34.41833137 35.01762632
 34.23971798 34.18566392 33.29259694 32.39952996 32.88836663 33.43125734
 34.03055229 34.68625147 35.40305523 36.18331375 37.02702703 33.27849589
 33.22444183 32.33137485 31.43830787 31.92714454 32.47003525 33.0693302
 33.72502938 34.44183314 35.22209166 36.06580494 32.31492362 32.34312573
 32.28907168 31.3960047  30.50293772 30.99177438 31.5346651  32.13396005
 32.78965922 33.50646298 34.2867215  35.13043478 32.35722679 31.40775558
 31.4359577  31.38190364 30.48883666 29.59576968 30.08460635 30.62749706
 31.22679201 31.88249119 32.59929495 33.37955347 34.22326675 35.21269095
 36.20916569 33.56756757 32.58049354 31.60987074 30.66039953 31.41245593
 28.7826087  29.27144536 29.81433608 30.41363102 31.0693302  31.78613396
 32.56639248 33.41010576 34.39952996 35.3960047  32.81081081 31.82373678
 30.85311398 29.90364277 27.98354877 28.47238543 29.01527615 29.61457109
 30.27027027 30.98707403 31.76733255 32.61104583 33.60047004 32.04465335
 31.05757932 30.08695652 29.13748531 27.19623972 27.68507638 28.2279671
 28.82726204 29.48296122 30.19976498 30.9800235  31.82373678 31.26674501
 30.27967098 29.30904818 28.35957697 27.41715629 26.41833137 26.90716804
 27.45005875 28.0493537  28.70505288 29.42185664 30.20211516 31.04582844
 30.47943596 29.49236193 28.52173913 27.57226792 25.65217391 26.14101058
 26.68390129 27.28319624 27.93889542 28.65569918 29.4359577  30.27967098
 29.68037603 28.693302   27.7226792  26.77320799 24.89541716 25.38425382
 25.92714454 26.52643948 27.18213866 27.89894242 28.67920094 29.52291422
 30.44183314 27.88014101 26.90951821 25.960047   25.06698002 24.17391304
 24.11985899 24.15041128 24.63924794 25.18213866 25.78143361 26.43713278
 27.15393655 27.93419506 28.77790834 29.69682726 30.65804935 26.25851939
 25.30904818 24.4159812  23.52291422 23.46886016 23.49941246 23.98824912
 24.53113984 25.13043478 25.78613396 26.50293772 27.28319624 28.12690952
 29.04582844 30.00705053 24.693302   23.80023502 22.90716804 22.85311398
 22.88366627 23.37250294 23.91539365 24.5146886  25.17038778 25.88719154
 26.66745006 27.51116334 28.43008226 29.39130435 23.2173913  22.32432432
 22.27027027 22.30082256 22.78965922 23.33254994 23.93184489 24.58754407
 25.30434783 26.08460635 26.92831962 27.84723854 28.80846063 21.7720329
 21.71797885 21.74853114 22.2373678  22.78025852 23.37955347 24.03525264
 24.7520564  25.53231492 26.3760282  27.29494712 28.25616921 22.24676851
 21.2479436  21.19388954 21.22444183 21.7132785  22.25616921 22.85546416
 23.51116334 24.2279671  25.00822562 25.8519389  26.77085781 27.73207991
 20.75440658 20.70035253 20.73090482 21.21974148 21.7626322  22.36192714
 23.01762632 23.73443008 24.5146886  25.35840188 26.2773208  27.23854289
 20.28907168 20.23501763 20.26556992 20.75440658 21.2972973  21.89659224
 22.55229142 23.26909518 24.0493537  24.89306698 25.8119859  26.77320799
 19.8519389  19.79788484 19.82843713 20.3172738  20.86016451 21.45945946
 22.11515864 22.8319624  23.61222092 24.4559342  25.37485311 26.33607521
 19.44300823 19.38895417 19.41950646 19.90834313 20.45123384 21.05052879
 21.70622797 22.42303173 23.20329025 24.04700353 24.96592244 25.92714454
 19.06227967 19.00822562 19.03877791 19.52761457 20.07050529 20.66980024
 21.32549941 22.04230317 22.82256169 23.66627497 24.58519389 25.54641598
 30.88836663 29.89424207 28.90716804 27.92714454 26.95887192 26.07520564
 25.25264395 24.49118684 18.95887192 18.70975323 18.65569918 18.68625147
 19.17508813 19.71797885 20.3172738  20.97297297 21.68977673 22.47003525
 23.31374853 24.23266745 25.19388954 29.90599295 28.91186839 27.92479436
 26.94477086 25.97649824 25.09283196 24.27027027 23.50881316 22.80846063
 22.16686251 19.64277321 19.17273796 18.70505288 18.4559342  18.40188014
 18.43243243 21.90599295 22.62279671 23.40305523 24.24676851 25.16568743
 26.12690952 28.94712103 27.95299647 26.96592244 25.98589894 25.01762632
 24.13396005 23.31139835 22.54994125 21.84958872 21.2079906  20.77320799
 20.3266745  19.86839013 19.40305523 18.93301998 18.4653349  18.21621622
 18.16216216 18.19271445 22.85311398 23.56991774 24.35017626 25.19388954
 26.11280846 27.07403055 25.83313749 24.86486486 23.98119859 23.1586369
 22.39717979 21.69682726 21.05522914 20.62044653 20.17391304 19.71562867
 19.25029377 18.78025852 18.31257344 18.06345476 18.00940071 18.039953
 23.81433608 24.53113984 25.31139835 26.15511163 27.07403055 28.03525264
 25.71797885 24.74970623 23.86603995 23.04347826 22.28202115 21.58166863
 20.94007051 20.5052879  20.05875441 19.60047004 19.13513514 18.66509988
 18.19741481 17.94829612 17.89424207 17.92479436 24.78965922 25.50646298
 26.2867215  27.13043478 28.0493537  29.01057579 24.67215041 23.78848414
 22.96592244 22.20446533 21.50411281 20.86251469 20.42773208 19.98119859
 19.52291422 19.05757932 18.58754407 18.11985899 17.87074031 17.81668625
 17.84723854 26.49588719 27.27614571 28.11985899 29.03877791 30.
 24.62984724 23.74618096 22.92361927 22.16216216 21.46180964 20.82021152
 20.38542891 19.93889542 19.48061105 19.01527615 18.54524089 18.07755582
 17.82843713 17.77438308 17.80493537 24.62279671 23.73913043 22.91656874
 22.15511163 21.45475911 20.81316099 20.37837838 19.93184489 19.47356052
 19.00822562 18.53819036 18.07050529 17.8213866  17.76733255 17.79788484
 18.49118684 24.653349   23.76968273 22.94712103 22.18566392 21.4853114
 20.84371328 20.40893067 19.96239718 19.50411281 19.03877791 18.56874266
 18.10105758 17.8519389  17.79788484 17.82843713 18.52173913 24.72150411
 23.83783784 23.01527615 22.25381904 21.55346651 20.91186839 20.47708578
 20.03055229 19.57226792 19.10693302 18.63689777 18.16921269 17.92009401
 17.86603995 17.89659224 18.58989424 19.33019976 22.87426557 23.76968273
 24.70740306 25.6827262  24.82961222 23.94594595 23.12338425 22.36192714
 21.66157462 21.0199765  20.58519389 20.1386604  19.68037603 19.21504113
 18.74500588 18.2773208  18.02820212 17.97414806 18.00470035 18.69800235
 19.43830787 20.21621622 21.0293772  21.88249119 22.77790834 23.71562867
 24.69095182 25.17038778 24.2867215  23.46415981 22.7027027  22.00235018
 21.36075206 18.53584019 18.2867215  18.23266745 18.26321974 18.95652174
 19.69682726 20.47473561 21.28789659 22.14101058 23.03642773 23.97414806
 24.94947121 25.49706228 24.613396   23.79083431 23.0293772  22.32902468
 21.68742656 18.80846063 18.55934195 18.5052879  18.53584019 19.22914219
 19.96944771 20.74735605 21.56051704 22.41363102 23.30904818 24.24676851
 25.22209166 25.80963572 24.92596945 24.10340776 23.34195065 22.64159812
 22.         22.99882491 19.09518214 18.84606345 18.7920094  18.82256169
 19.51586369 20.25616921 21.03407756 21.84723854 22.70035253 23.59576968
 24.53349001 25.50881316 26.11045828 25.22679201 24.40423032 23.64277321
 22.94242068 22.30082256 19.3960047  19.14688602 19.09283196 19.12338425
 19.81668625 20.55699177 21.33490012 22.1480611  23.00117509 23.89659224
 24.83431257 25.80963572 26.39717979 25.51351351 24.69095182 23.92949471
 23.22914219 22.58754407 19.70857814 19.45945946 19.40540541 19.4359577
 20.12925969 20.86956522 21.64747356 22.46063455 23.31374853 24.20916569
 25.14688602 26.12220917 26.66980024 25.78613396 24.96357227 24.20211516
 23.50176263 22.86016451 23.26909518 20.65099882 20.03525264 19.78613396
 19.73207991 19.7626322  20.4559342  21.19623972 21.97414806 22.78730905
 23.64042303 24.53584019 25.47356052 26.44888367 26.9306698  26.04700353
 25.22444183 24.46298472 23.7626322  23.12103408 22.65099882 22.18096357
 21.71562867 21.2573443  20.81081081 20.37837838 20.12925969 20.07520564
 20.10575793 20.79905993 21.53936545 22.3172738  23.13043478 23.98354877
 24.87896592 25.81668625 26.7920094  29.38190364 28.39247944 27.41715629
 26.53349001 25.71092832 24.94947121 24.24911868 23.60752056 23.13748531
 22.66745006 22.20211516 21.74383079 21.2972973  20.86486486 20.61574618
 20.56169213 20.59224442 21.28554642 22.02585194 22.80376028 23.61692127
 24.47003525 25.36545241 26.30317274 27.27849589 29.92714454 28.93772033
 27.96239718 27.0787309  26.25616921 25.4947121  24.79435958 24.15276146
 23.6827262  23.21269095 22.74735605 22.28907168 21.84253819 21.41010576
 21.16098707 21.10693302 21.13748531 21.83078731 22.57109283 23.34900118
 24.16216216 25.01527615 25.9106933  26.84841363 27.82373678 30.53113984
 29.54171563 28.56639248 27.6827262  26.86016451 26.0987074  25.39835488
 24.75675676 24.2867215  23.81668625 23.35135135 22.89306698 22.44653349
 22.01410106 21.76498237 21.71092832 21.74148061 22.43478261 23.17508813
 23.95299647 24.76615746 25.61927145 26.5146886  27.45240893 31.19153937
 30.20211516 29.22679201 28.34312573 27.52056404 26.75910693 26.05875441
 25.41715629 24.94712103 24.47708578 24.01175088 23.55346651 23.10693302
 22.67450059 22.4253819  22.37132785 22.40188014 23.09518214 23.83548766
 24.613396   25.42655699 26.27967098 27.17508813 28.11280846 31.90834313
 30.91891892 29.94359577 29.05992949 28.2373678  27.47591069 26.77555817
 26.13396005 25.66392479 25.19388954 24.72855464 24.27027027 23.82373678
 23.39130435 23.14218566 23.08813161 23.1186839  23.8119859  24.55229142
 25.33019976 26.14336075 26.99647474 27.89189189 28.82961222 31.69212691
 30.71680376 29.83313749 29.01057579 28.24911868 27.54876616 26.90716804
 26.43713278 25.96709753 25.50176263 25.04347826 24.59694477 24.16451234
 23.91539365 23.8613396  23.89189189 24.58519389 25.32549941 26.10340776
 26.91656874 27.76968273 28.66509988 29.60282021 31.5440658  30.66039953
 29.83783784 29.07638073 28.3760282  27.73443008 27.26439483 26.79435958
 26.32902468 25.87074031 25.42420682 24.99177438 24.7426557  24.68860165
 24.71915394 25.41245593 26.15276146 26.9306698  27.74383079 28.59694477
 29.49236193 30.43008226 31.55346651 30.73090482 29.96944771 29.26909518
 28.62749706 28.15746181 27.68742656 27.22209166 26.76380729 26.3172738
 25.88484136 25.63572268 25.58166863 25.61222092 26.30552291 28.73090482
 29.5840188  30.47943596 28.61574618 28.15041128 27.69212691 27.24559342
 26.81316099 26.5640423  26.50998825 26.54054054 27.23384254 29.72502938
 30.57814336 31.47356052 29.56521739 29.09988249 28.64159812 28.19506463
 27.7626322  27.51351351 27.45945946 27.49001175 30.53349001 30.06815511
 29.60987074 29.16333725 28.73090482 28.48178613 28.42773208 28.45828437
 30.59694477 30.15041128 29.71797885 31.59106933 31.14453584 30.71210341]
