[34.22943221 33.41367323 32.62804171 31.87253766 31.14716107 30.45191194
 29.78679027 29.15179606 28.54692932 28.06720742 27.65701043 27.31633835
 27.05677868 36.5561993  35.56431054 34.57705678 33.59212051 32.60950174
 31.62920046 30.65121669 29.6778679  28.70683662 27.74044032 28.20625724
 28.75782155 29.39513326 30.39397451 33.25840093 32.44264195 31.65701043
 30.90150637 30.17612978 29.48088065 28.81575898 28.18076477 27.57589803
 27.09617613 26.68597914 26.34530707 26.08574739 37.54808806 36.5561993
 31.65005794 27.74971031 26.78331402 27.24913094 27.80069525 28.43800695
 32.3174971  31.50173812 30.7161066  29.96060255 29.23522596 28.53997683
 27.87485516 27.23986095 26.63499421 26.15527231 25.74507532 25.40440324
 25.14484357 38.54461182 25.8377752  26.30359212 26.85515643 27.49246813
 36.92699884 35.96755504 35.03128621 34.11819235 33.22827346 31.40672074
 30.59096176 29.80533024 29.04982619 28.32444959 27.62920046 26.96407879
 26.32908459 25.72421784 25.24449594 24.83429896 24.49362688 24.23406721
 39.54345307 24.90150637 25.36732329 25.9188876  26.5561993  27.4414832
 28.34530707 29.26767092 30.20857474 31.16801854 32.14600232 35.93742758
 34.97798378 34.04171495 33.12862109 32.2387022  31.37195829 30.52607184
 29.71031286 28.92468134 28.16917729 27.4438007  26.74855156 26.0834299
 25.44843569 24.84356895 24.36384705 23.95365006 23.61297798 23.35341831
 23.37427578 23.64310545 23.98841251 24.45422943 25.00579374 25.64310545
 26.52838934 27.43221321 28.35457706 29.29548088 30.25492468 31.23290846
 35.11239861 34.15295481 33.21668598 32.30359212 31.41367323 30.54692932
 29.70104287 28.88528389 28.09965238 27.34414832 26.61877173 25.9235226
 25.25840093 24.62340672 24.01853998 23.53881808 23.12862109 22.78794902
 22.52838934 22.48899189 22.75782155 23.10312862 23.56894554 24.12050985
 24.75782155 25.64310545 26.54692932 27.46929316 28.41019699 29.36964079
 30.34762457 36.32676709 35.32792584 34.33140209 33.37195829 32.43568946
 31.5225956  30.63267671 29.76593279 28.92004635 28.10428737 27.31865585
 26.5631518  25.8377752  25.14252607 24.4774044  23.8424102  23.23754345
 22.75782155 22.34762457 22.00695249 21.74739282 21.36964079 21.41599073
 21.63151796 21.90034762 22.24565469 22.71147161 23.26303592 23.90034762
 24.78563152 25.68945539 26.61181924 27.55272306 28.51216686 29.49015064
 33.599073   32.6396292  31.70336037 30.79026651 29.90034762 29.03360371
 28.18771727 27.37195829 26.58632677 25.83082271 25.10544612 24.41019699
 23.74507532 23.11008111 22.50521437 22.02549247 21.61529548 21.27462341
 21.01506373 20.51216686 20.37079954 20.24797219 20.2433372  20.30127462
 20.42178447 20.58864426 20.80417149 21.07300116 21.41830823 21.88412514
 22.43568946 23.07300116 23.95828505 24.86210892 25.78447277 26.72537659
 27.68482039 28.66280417 29.65932793 32.91077636 31.95133256 31.01506373
 30.10196987 29.21205098 28.34530707 27.49942063 26.68366165 25.89803013
 25.14252607 24.41714948 23.72190035 23.05677868 22.42178447 21.81691773
 21.33719583 20.92699884 20.58632677 20.32676709 19.89107764 19.73348783
 19.59212051 19.46929316 19.46465817 19.5225956  19.64310545 19.80996524
 20.02549247 20.29432213 20.6396292  21.10544612 21.65701043 22.29432213
 23.17960603 24.0834299  25.00579374 25.94669757 26.90614137 27.88412514
 28.8806489  32.26651217 31.30706837 30.37079954 29.45770568 28.56778679
 27.70104287 26.85515643 26.03939745 25.25376593 24.49826188 23.77288528
 23.07763615 22.41251448 21.77752028 21.17265353 20.69293163 20.28273465
 19.94206257 19.6825029  19.50173812 19.32792584 19.16106605 19.00347625
 18.86210892 18.73928158 18.73464658 18.79258401 18.91309386 19.07995365
 19.29548088 19.56431054 19.90961761 20.37543453 20.92699884 21.56431054
 22.44959444 23.35341831 24.27578216 25.21668598 26.17612978 27.15411356
 33.96987254 32.97566628 31.98841251 31.02896871 30.09269988 29.17960603
 28.28968714 27.42294322 26.57705678 25.7612978  24.97566628 24.22016222
 23.49478563 22.7995365  22.13441483 21.49942063 20.89455388 20.41483198
 20.00463499 19.66396292 19.40440324 19.22363847 19.04982619 18.8829664
 18.72537659 18.58400927 18.46118192 18.45654693 18.51448436 18.63499421
 18.801854   19.01738123 19.28621089 19.63151796 20.09733488 20.64889919
 21.28621089 22.17149479 23.07531866 23.9976825  24.93858633 25.89803013
 26.8760139  33.79142526 32.797219   31.80996524 30.85052144 29.91425261
 29.00115875 28.11123986 27.24449594 26.3986095  25.58285052 24.797219
 24.04171495 23.31633835 22.62108922 21.95596756 21.32097335 20.7161066
 20.2363847  19.82618772 19.48551564 19.22595597 19.04519119 18.87137891
 18.70451912 18.54692932 18.40556199 18.28273465 18.27809965 18.33603708
 18.45654693 18.62340672 18.83893395 19.10776362 19.45307068 19.9188876
 20.47045191 21.10776362 34.47045191 33.47624565 32.48899189 31.52954809
 30.59327926 29.6801854  28.79026651 27.9235226  27.07763615 26.26187717
 25.47624565 24.7207416  23.99536501 23.30011587 22.63499421 22.
 21.39513326 20.91541136 20.50521437 20.16454229 19.90498262 18.77636153
 18.63499421 18.51216686 18.50753187 18.56546929 18.68597914 18.85283893
 19.06836616 19.33719583 19.6825029  20.14831981 20.69988413 21.33719583
 22.12282735 21.64310545 21.23290846 20.89223638 20.63267671 19.03592121
 18.89455388 18.77172654 18.76709154 18.82502897 18.94553882 19.11239861
 19.32792584 19.5967555  19.94206257 20.40787949 20.9594438  21.5967555
 22.86210892 22.38238702 21.97219003 21.63151796 21.37195829 19.06141367
 19.05677868 19.11471611 19.23522596 19.40208575 19.61761298 19.88644264
 20.23174971 20.69756663 21.24913094 21.88644264 23.61297798 23.13325608
 22.7230591  22.38238702 22.12282735 19.37659328 19.37195829 19.42989571
 19.55040556 19.71726535 19.93279258 20.20162225 20.54692932 21.01274623
 21.56431054 22.20162225 24.37543453 23.89571263 23.48551564 23.14484357
 22.88528389 19.71726535 19.71263036 19.77056779 19.89107764 20.05793743
 20.27346466 20.54229432 20.88760139 21.35341831 21.90498262 22.54229432
 23.4368482  24.33603708 25.23754345 26.13904983 27.13789108 25.14947856
 24.66975666 24.25955968 23.9188876  23.65932793 20.09501738 20.09038239
 20.14831981 20.26882966 20.43568946 20.65121669 20.92004635 21.26535342
 21.73117034 22.28273465 22.92004635 23.81460023 24.71378911 25.61529548
 26.51680185 25.93511008 25.45538818 25.04519119 24.70451912 24.44495944
 20.50753187 20.50289687 20.5608343  20.68134415 20.84820394 21.06373117
 21.33256083 21.6778679  22.14368482 22.69524913 23.33256083 24.22711472
 25.12630359 26.02780997 26.92931634 26.73232908 26.25260718 25.8424102
 25.50173812 25.24217845 20.95480881 20.95017381 21.00811124 21.12862109
 21.29548088 21.51100811 21.77983778 22.12514484 22.59096176 23.14252607
 23.77983778 24.67439166 25.57358053 26.47508691 27.37659328 28.28041715
 29.18424102 27.54113557 27.06141367 26.65121669 26.31054461 26.05098494
 21.48088065 21.47624565 21.53418308 21.65469293 21.82155272 22.03707995
 22.30590962 22.65121669 23.1170336  23.66859791 24.30590962 25.21205098
 26.12282735 30.08806489 28.36152955 27.88180765 27.47161066 27.13093859
 26.87137891 22.03244496 22.02780997 22.08574739 22.20625724 22.37311703
 22.58864426 22.85747393 23.202781   23.66859791 24.22016222 24.85747393
 25.76825029 26.69061414 30.99188876 31.80533024 32.61181924 29.19351101
 28.71378911 28.30359212 27.96292005 27.70336037 24.52838934 23.55504056
 22.60950174 22.60486674 22.66280417 22.78331402 22.95017381 23.16570104
 23.43453071 23.77983778 24.24565469 24.797219   25.43453071 26.34994206
 31.80764774 32.60718424 33.40208575 30.03707995 29.55735805 29.14716107
 28.80648899 28.54692932 25.13325608 24.1599073  23.21436848 23.20973349
 23.26767092 23.38818076 23.55504056 23.77056779 24.03939745 24.38470452
 24.85052144 25.40208575 26.03939745 33.40440324 34.08806489 39.53650058
 38.54692932 37.55967555 36.57473928 31.8377752  30.89223638 30.41251448
 30.0023175  29.66164542 29.40208575 25.76593279 24.79258401 23.84704519
 23.8424102  23.90034762 24.02085747 24.18771727 24.4032445  24.67207416
 25.01738123 25.48319815 26.03476246 26.67207416 34.74855156 41.52491309
 40.52838934 35.59212051 34.62340672 33.66164542 32.70683662 31.7612978
 31.2815759  30.87137891 30.53070684 30.27114716 26.42641947 25.45307068
 24.50753187 24.50289687 24.5608343  24.68134415 24.84820394 25.06373117
 25.33256083 25.6778679  26.14368482 26.69524913 27.33256083 36.0023175
 35.38122827 42.52143685 41.52491309 36.50057937 35.53186559 34.57010429
 33.61529548 32.66975666 32.19003476 31.77983778 31.4391657  31.17960603
 27.11471611 26.14136732 25.19582851 25.19119351 25.24913094 25.36964079
 25.53650058 25.75202781 26.02085747 26.36616454 26.83198146 27.38354577
 28.02085747 36.57937428 35.98841251 37.42989571 36.46118192 35.49942063
 34.54461182 33.599073   33.1193511  32.70915411 32.36848204 32.10892236
 28.03476246 27.06141367 26.11587486 26.11123986 26.16917729 26.81575898
 27.16106605 27.62688297 28.17844728 28.81575898 29.72190035 37.13325608
 36.57010429 40.41946698 39.42062572 38.42410197 34.5561993  34.0764774
 33.66628042 33.32560834 33.06604867 28.96639629 27.99304751 27.04750869
 27.0428737  27.10081112 27.61993048 27.96523754 28.43105446 28.98261877
 29.61993048 30.52143685 35.87485516 36.76940904 37.66396292 37.12862109
 35.52491309 35.04519119 34.63499421 34.29432213 34.03476246 29.90961761
 28.93626883 27.99073001 27.98609502 28.04403244 28.43337196 28.77867903
 29.24449594 29.79606025 30.43337196 31.33256083 32.2363847  33.14020857
 34.04403244 34.94553882 35.84936269 36.75550406 37.66859791 35.27462341
 35.01506373 30.86442642 29.89107764 28.94553882 28.94090382 28.99884125
 29.35341831 29.69872538 30.16454229 30.7161066  31.35341831 35.01042874
 35.91193511 36.81575898 37.72190035 38.63499421 36.25955968 36.
 31.83082271 30.85747393 29.91193511 29.90730012 29.96523754 30.28505214
 30.63035921 31.09617613 31.64774044 32.28505214 35.98841251 36.88991889
 37.79374276 38.69988413 39.61297798 37.24913094 36.98957126 32.80880649
 31.83545771 30.88991889 30.88528389 30.94322132 31.22827346 31.57358053
 32.03939745 32.59096176 33.22827346 36.97798378 37.87949015 38.78331402
 39.68945539 40.60254925 39.24217845 38.2433372  37.98377752 33.79837775
 32.82502897 31.87949015 31.87485516 31.93279258 32.18308227 32.52838934
 32.99420626 33.54577057 34.18308227 33.14947856 33.49478563 33.96060255
 34.51216686 35.14947856 34.12746234 34.47276941 34.93858633 35.49015064
 36.12746234 35.1170336  35.46234067 35.92815759 36.4797219  37.1170336 ]
