[41.05967078 40.06069959 39.06378601 38.06893004 37.07613169 36.08539095
 35.09670782 34.1100823  33.12757202 33.57304527 33.12962963 32.14711934
 32.59259259 33.07921811 31.17489712 31.62037037 32.10699588 32.62860082
 37.85699588 30.82304527 29.85493827 30.21090535 30.6563786  31.14300412
 31.66460905 32.3281893  35.86522634 36.85802469 37.85699588 30.80864198
 29.82613169 28.85802469 29.25720165 29.7026749  30.18930041 30.71090535
 31.3744856  32.1244856  33.90432099 34.87242798 35.86522634 30.81069959
 29.81790123 28.83539095 27.86728395 26.91563786 27.91460905 27.93004115
 28.31584362 28.76131687 29.24794239 29.76954733 30.43312757 31.18312757
 31.96193416 32.91769547 33.88580247 30.83127572 29.83230453 28.83950617
 27.85699588 26.88888889 25.9372428  26.66666667 27.02366255 27.40946502
 27.85493827 28.34156379 28.86316872 29.52674897 30.27674897 31.05555556
 32.01131687 32.97942387 28.86625514 27.87345679 26.8909465  25.92283951
 24.97119342 25.45473251 25.78292181 26.1399177  26.52572016 26.97119342
 27.45781893 27.97942387 28.64300412 29.39300412 30.1718107  31.12757202
 32.09567901 33.08641975 26.91769547 25.93518519 24.96707819 24.0154321
 23.91152263 24.30246914 24.59773663 24.92592593 25.28292181 25.66872428
 26.11419753 26.60082305 27.12242798 27.78600823 28.53600823 29.31481481
 30.27057613 31.23868313 32.22942387 33.22633745 24.98971193 24.02160494
 23.06995885 22.96604938 22.90534979 22.98868313 23.21604938 23.47633745
 23.77160494 24.09979424 24.45679012 24.84259259 25.28806584 25.77469136
 26.2962963  26.95987654 27.70987654 28.48868313 29.44444444 30.41255144
 31.40329218 32.40020576 23.2962963  22.34465021 22.24074074 22.18004115
 22.26337449 22.49074074 22.75102881 23.0462963  23.3744856  23.73148148
 24.11728395 24.5627572  25.04938272 25.57098765 26.2345679  26.9845679
 27.76337449 21.65432099 21.55041152 21.48971193 21.57304527 21.80041152
 22.06069959 22.35596708 22.68415638 23.04115226 23.42695473 23.87242798
 24.3590535  24.88065844 25.54423868 26.29423868 27.07304527 20.99691358
 20.89300412 20.83230453 20.91563786 21.14300412 21.40329218 21.69855967
 22.02674897 22.38374486 22.76954733 23.21502058 23.70164609 24.22325103
 24.88683128 25.63683128 26.41563786 28.82304527 29.71296296 30.63168724
 31.59773663 32.57407407 26.37654321 25.72942387 20.7962963  20.57098765
 20.37242798 20.26851852 20.20781893 20.29115226 20.51851852 20.77880658
 21.07407407 21.40226337 21.75925926 22.14506173 22.59053498 23.07716049
 23.59876543 24.26234568 25.01234568 25.79115226 27.83230453 28.72222222
 29.6409465  30.60699588 31.58333333 32.56378601 33.5462963  34.5308642
 28.27572016 27.2973251  26.33127572 25.37962963 24.73251029 20.20884774
 19.98353909 19.78497942 19.68106996 19.62037037 19.7037037  19.93106996
 20.19135802 20.48662551 20.81481481 21.1718107  21.55761317 22.00308642
 22.48971193 23.01131687 23.67489712 24.42489712 25.2037037  26.04218107
 26.87242798 27.76234568 28.68106996 29.64711934 35.51748971 36.50617284
 28.27777778 27.28909465 26.31069959 25.34465021 24.39300412 23.74588477
 20.24279835 19.96193416 19.70987654 19.4845679  19.28600823 19.18209877
 19.12139918 19.20473251 19.43209877 19.69238683 19.98765432 20.31584362
 20.67283951 21.05864198 21.50411523 21.99074074 22.51234568 23.17592593
 23.92592593 24.70473251 25.54320988 26.37345679 27.26337449 28.18209877
 29.14814815 37.49691358 38.49382716 28.30041152 27.30349794 26.31481481
 25.33641975 24.37037037 23.41872428 22.77160494 19.8755144  19.59465021
 19.34259259 19.11728395 18.91872428 18.81481481 18.75411523 18.83744856
 19.06481481 19.32510288 19.62037037 19.94855967 20.30555556 20.69135802
 21.13683128 21.62345679 22.14506173 22.80864198 23.56481481 26.79012346
 27.68004115 28.59876543 29.56481481 38.49176955 39.48868313 27.34053498
 26.3436214  25.35493827 24.37654321 23.41049383 22.45884774 21.8117284
 21.22222222 20.68415638 20.19958848 19.85493827 19.54115226 19.26028807
 19.00823045 18.78292181 18.58436214 18.48045267 18.41975309 18.50308642
 18.73045267 18.99074074 19.28600823 19.61419753 19.97119342 20.35699588
 20.80246914 21.28909465 21.81069959 22.47427984 23.23662551 27.15534979
 28.04526749 28.96399177 39.49074074 26.10390947 25.11522634 24.13683128
 23.17078189 22.2191358  21.57201646 20.98251029 20.44444444 19.95987654
 19.61522634 19.30144033 19.02057613 18.76851852 18.54320988 18.34465021
 18.24074074 18.18004115 18.26337449 18.49074074 18.75102881 19.0462963
 19.3744856  19.73148148 20.11728395 20.5627572  21.04938272 21.57098765
 22.2345679  23.00514403 27.13168724 28.02160494 28.94032922 23.94650206
 22.98045267 22.02880658 21.38168724 20.79218107 20.25411523 19.76954733
 19.42489712 19.11111111 18.83024691 18.5781893  18.35288066 18.15432099
 18.05041152 17.98971193 18.07304527 18.30041152 18.56069959 18.85596708
 19.18415638 19.54115226 19.92695473 20.37242798 20.8590535  21.38065844
 22.04423868 22.82510288 27.06481481 27.95473251 28.87345679 29.85390947
 22.83127572 21.87962963 21.23251029 20.64300412 20.10493827 19.62037037
 19.27572016 18.96193416 18.68106996 18.42901235 18.2037037  18.00514403
 17.90123457 17.84053498 17.92386831 18.15123457 18.41152263 18.70679012
 19.03497942 19.39197531 19.77777778 20.22325103 20.70987654 21.23148148
 21.89506173 22.69032922 26.95679012 27.84670782 28.7654321  29.74588477
 30.73662551 31.73353909 36.84259259 21.77160494 21.1244856  20.53497942
 19.99691358 19.51234568 19.16769547 18.85390947 18.57304527 18.32098765
 18.09567901 17.89711934 17.79320988 17.73251029 17.81584362 18.04320988
 18.30349794 18.59876543 18.92695473 19.28395062 19.66975309 20.11522634
 20.60185185 21.12345679 21.78703704 27.80864198 26.80967078 27.69958848
 28.61831276 29.59876543 30.58950617 31.58641975 36.82407407 35.8436214
 34.87962963 21.70473251 21.05761317 20.468107   19.93004115 19.44547325
 19.10082305 18.78703704 18.50617284 18.25411523 18.02880658 17.83024691
 17.72633745 17.66563786 17.74897119 17.97633745 18.23662551 18.531893
 18.8600823  19.21707819 19.60288066 20.04835391 20.53497942 21.05658436
 21.72016461 26.62139918 27.51131687 28.43004115 29.41049383 30.40123457
 36.82407407 35.83127572 34.85082305 33.88683128 32.93930041 23.218107
 22.43312757 21.68106996 21.03395062 20.44444444 19.9063786  19.4218107
 19.07716049 18.76337449 18.48251029 18.23045267 18.00514403 17.80658436
 17.7026749  17.64197531 17.72530864 17.9526749  18.21296296 18.50823045
 18.83641975 19.19341564 19.57921811 20.02469136 20.51131687 21.03292181
 21.69650206 22.58847737 26.38374486 27.27366255 28.19238683 29.17283951
 35.84156379 34.84876543 33.86831276 32.90432099 31.95679012 24.21193416
 23.39609053 22.61111111 21.8590535  21.21193416 20.62242798 20.08436214
 19.59979424 19.25514403 18.94135802 18.66049383 18.40843621 18.18312757
 17.9845679  17.88065844 17.81995885 17.90329218 18.13271605 18.39711934
 18.69650206 20.38065844 20.8117284  21.27983539 21.44753086 22.11111111
 22.99485597 23.83539095 26.05144033 26.94135802 27.8600823  34.86934156
 33.87654321 32.89609053 31.93209877 30.9845679  30.05349794 26.13477366
 25.26954733 24.42695473 23.61111111 22.82613169 22.07407407 21.42695473
 20.83744856 20.29938272 19.81481481 19.47016461 19.1563786  18.8755144
 18.62345679 18.39814815 18.19958848 18.09567901 18.03497942 18.11831276
 18.35185185 18.61831276 18.9218107  21.17386831 21.58641975 21.70061728
 21.82098765 22.4845679  23.31069959 24.14711934 24.92592593 25.68621399
 26.57613169 33.90946502 32.91666667 31.93621399 30.97222222 30.02469136
 29.0936214  28.17695473 27.27469136 26.38888889 25.52366255 24.68106996
 23.86522634 23.08024691 22.3281893  21.68106996 21.09156379 20.55349794
 20.06893004 19.72427984 19.41049383 19.12962963 18.87757202 18.65226337
 18.4537037  18.34979424 18.28909465 18.37242798 18.61213992 18.88271605
 22.10802469 22.17489712 22.24588477 22.90946502 23.73559671 24.57201646
 25.35082305 26.11111111 33.26337449 32.28292181 31.31893004 30.37139918
 29.44032922 28.52366255 27.62139918 26.73559671 25.87037037 25.02777778
 24.21193416 23.42695473 22.67489712 22.02777778 21.4382716  20.90020576
 20.41563786 20.07098765 19.75720165 19.47633745 19.22427984 18.99897119
 18.80041152 18.69650206 18.63580247 18.7191358  22.63580247 23.29938272
 24.1255144  24.96193416 25.74074074 32.67283951 31.70884774 30.76131687
 29.83024691 28.91358025 28.01131687 27.1255144  26.26028807 25.41769547
 24.60185185 23.81687243 23.06481481 22.41769547 21.8281893  21.29012346
 20.80555556 20.46090535 20.14711934 19.86625514 19.61419753 19.38888889
 19.19032922 19.08641975 19.02572016 19.1090535  22.98251029 23.64609053
 24.47222222 25.30864198 32.13786008 31.19032922 30.25925926 29.34259259
 28.44032922 27.55452675 26.68930041 25.84670782 25.0308642  24.24588477
 23.49382716 22.84670782 22.25720165 21.7191358  21.2345679  20.8899177
 20.57613169 20.29526749 20.04320988 19.81790123 19.61934156 19.5154321
 19.45473251 19.53806584 23.46604938 23.24074074 23.90432099 24.73045267
 31.58024691 30.64917695 29.73251029 28.83024691 27.94444444 27.07921811
 26.23662551 25.42078189 24.63580247 23.88374486 23.23662551 22.64711934
 22.1090535  21.6244856  21.27983539 20.96604938 20.68518519 20.43312757
 20.20781893 20.00925926 19.90534979 19.84465021 19.92798354 20.69650206
 21.22427984 23.41666667 23.65226337 23.46604938 31.06995885 30.15329218
 29.25102881 28.36522634 27.5        26.65740741 25.84156379 25.05658436
 24.30452675 23.65740741 23.06790123 22.52983539 22.04526749 21.70061728
 21.38683128 21.10596708 20.85390947 20.62860082 20.43004115 20.32613169
 20.2654321  20.34876543 20.85802469 21.33436214 21.77572016 22.16152263
 22.51851852 22.84670782 23.14609053 23.41666667 30.88683128 29.9845679
 29.09876543 28.23353909 27.3909465  26.57510288 25.79012346 25.03806584
 24.3909465  23.80144033 23.26337449 22.77880658 22.44032922 22.13271605
 21.8600823  21.26440329 21.14609053 21.05041152 21.13374486 21.64300412
 22.11934156 22.56069959 22.94650206 23.30349794 23.63168724 23.93106996
 30.74279835 29.85699588 28.99176955 28.14917695 27.33333333 26.54835391
 25.7962963  25.14917695 24.55967078 24.02160494 23.53703704 23.20473251
 22.90329218 22.63683128 21.9537037  21.8436214  21.92695473 22.43621399
 22.91255144 23.35390947 23.73971193 24.09670782 24.42489712 30.63580247
 29.77057613 28.92798354 28.11213992 27.32716049 26.57510288 25.92798354
 25.33847737 24.80041152 24.31584362 23.99176955 23.69650206 22.7654321
 22.6409465  22.72427984 23.23353909 23.70987654 24.15123457 24.53703704
 24.89403292 30.56378601 29.72119342 28.90534979 28.12037037 27.36831276
 26.72119342 26.13168724 25.5936214  25.1090535  23.57921811 23.4382716
 23.52160494 24.0308642  24.50720165 24.94855967 25.33436214 30.52057613
 29.70473251 28.91975309 28.16769547 27.52057613 26.93106996 26.39300412
 25.90843621 24.23148148 24.31481481 24.82407407 25.30041152 25.74176955
 30.50411523 29.7191358  28.96707819 28.31995885 27.73045267 27.19238683
 26.70781893 27.5462963  28.38065844 25.01440329 25.09773663 25.60699588
 26.08333333 30.51851852 29.76646091 29.11934156 28.52983539 27.99176955
 27.50720165 28.32510288 28.26646091 28.17283951 25.7808642  25.86419753
 26.37345679 30.56378601 29.91666667 29.32716049 28.78909465 28.30452675
 28.22942387 28.11934156 27.91872428 27.69341564 27.44135802 27.16460905
 26.8590535  26.52469136 26.60802469 30.83539095 30.24588477 29.70781893
 29.22325103 29.14814815 29.03806584 28.83744856 28.61213992 28.3600823
 28.08333333 27.77777778 27.44341564 31.18930041 30.65123457 30.16666667
 30.09156379 29.98148148 29.7808642  29.55555556 29.30349794 29.02674897
 28.72119342 31.61522634 31.13065844 31.05555556 30.94547325 30.74485597
 30.51954733 30.26748971 29.99074074 32.11111111 32.03600823 31.92592593
 31.72530864 31.5        31.24794239 33.02880658 32.91872428 32.718107
 32.49279835]
