            1            5            7           11
            2            4            7            8
            5            1            7           11
            8            2            4           10
           11            5            1            7
           12            8            2            4
           13           11            5            1
            9           12            8            2
            6           13           11            5
            3            9           12            8
            3            6           13           11
            3            6            9           12
            3            6            9           13
----------
