15 23 16 6 18 50 36 10 7 46 40 13 32 44 8 30 28 12 41 20 
22 29 17 14 26 51 42 11 7 47 40 13 37 45 9 35 28 19 48 27 
23 34 24 21 32 52 42 18 15 47 46 13 37 45 10 35 28 19 48 27 
23 34 25 20 33 52 36 18 22 47 46 14 37 45 10 30 28 12 41 27 
24 29 26 19 33 52 31 11 22 48 46 21 37 45 10 30 28 13 35 27 
23 29 32 18 33 52 25 12 15 41 47 21 36 45 10 30 28 20 34 27 
16 29 37 26 33 52 24 19 15 35 48 21 42 45 11 31 22 20 34 27 
8 28 37 25 32 52 17 18 15 30 48 14 42 45 12 36 23 20 34 27 
9 28 37 31 26 52 16 11 22 29 48 13 42 45 4 35 24 21 34 27 
3 28 37 30 18 52 8 10 15 23 48 12 36 45 5 41 25 21 34 20 
3 22 32 29 19 52 7 9 15 16 47 11 35 45 6 41 31 21 34 13 
3 23 26 28 12 52 1 17 15 8 46 10 30 45 14 48 36 20 34 5 
2 22 18 28 13 51 1 17 15 7 40 9 24 45 14 47 36 27 29 6 
----------
