184 109 306 367 257 129 151 22 149 236 36 214 398 390 142 393 135 326 220 223 195 294 260 230 123 341 105 287 115 370 
184 110 323 383 273 130 166 23 150 237 54 198 399 391 157 394 136 345 235 238 212 294 260 230 139 359 119 303 115 387 
184 124 342 384 274 131 167 24 165 237 67 185 400 392 173 395 151 344 236 239 228 277 260 230 140 341 135 320 115 388 
184 125 360 385 275 144 152 25 181 238 80 169 400 393 187 396 150 343 236 251 243 261 260 230 154 340 136 339 130 389 
185 141 374 386 291 161 153 7 165 239 81 168 400 393 187 397 149 342 237 266 228 247 260 230 170 321 151 358 131 390 
198 155 374 386 292 161 137 8 150 251 82 167 400 392 187 396 149 341 238 284 212 233 260 230 154 320 152 372 131 389 
214 171 373 385 293 144 138 9 135 252 97 166 381 391 187 377 149 340 239 285 195 216 260 230 140 303 152 372 131 388 
198 172 359 384 294 145 139 10 134 240 97 165 364 390 187 361 149 321 251 286 196 200 260 230 141 287 151 372 131 387 
185 172 341 383 277 146 140 11 118 241 82 150 348 389 187 345 148 304 251 302 182 199 260 230 125 269 136 372 144 386 
184 171 340 367 261 147 124 12 104 225 81 149 330 388 187 344 164 288 239 303 166 186 260 213 126 268 135 390 131 385 
183 155 339 366 247 133 110 13 103 209 68 148 329 371 187 343 163 287 238 304 167 170 260 214 111 267 134 391 130 384 
182 154 358 365 248 117 94 14 102 193 55 164 311 356 187 324 163 269 223 305 168 171 259 215 96 266 118 391 115 368 
----------
